,11
Lior Aviel,06-08-2018,14:00:13:400885,8,7,16.0,15.0,50.0,16,22,0,21,13,23,7,11
Lior Aviel,06-08-2018,14:00:13:551839,8,7,16.0,15.0,50.0,16,53,0,17,6,12,4,6
Lior Aviel,06-08-2018,14:00:13:652032,8,7,16.0,15.0,50.0,16,59,0,13,3,12,4,6
Lior Aviel,06-08-2018,14:00:13:761228,8,7,16.0,15.0,50.0,16,46,0,6,2,19,5,19
Lior Aviel,06-08-2018,14:00:13:862333,8,7,16.0,15.0,50.0,16,54,0,8,5,20,1,9
Lior Aviel,06-08-2018,14:00:14:055662,8,7,16.0,15.0,50.0,16,47,0,14,6,22,2,6
Lior Aviel,06-08-2018,14:00:14:168922,8,7,16.0,15.0,50.0,16,47,0,11,8,19,2,10
Lior Aviel,06-08-2018,14:00:14:311851,8,7,16.0,15.0,50.0,16,38,0,12,10,25,2,10
Lior Aviel,06-08-2018,14:00:14:419464,8,7,16.0,15.0,50.0,16,25,0,19,10,27,4,11
Lior Aviel,06-08-2018,14:00:14:561410,8,7,16.0,15.0,50.0,16,43,0,17,9,17,2,9
Lior Aviel,06-08-2018,14:00:14:719357,8,7,16.0,15.0,50.0,16,63,0,9,5,10,3,6
Lior Aviel,06-08-2018,14:00:14:822572,8,7,16.0,15.0,50.0,16,39,0,16,6,21,6,9
Lior Aviel,06-08-2018,14:00:14:926642,8,7,16.0,15.0,50.0,16,42,0,19,11,17,2,6
Lior Aviel,06-08-2018,14:00:15:024967,8,7,16.0,15.0,50.0,16,45,0,17,6,20,2,8
Lior Aviel,06-08-2018,14:00:15:184510,8,7,16.0,15.0,50.0,16,63,0,9,3,16,3,3
Lior Aviel,06-08-2018,14:00:15:278179,8,7,16.0,15.0,50.0,16,63,0,9,6,14,2,3
Lior Aviel,06-08-2018,14:00:15:374820,8,7,16.0,15.0,50.0,16,45,0,8,4,22,2,14
Lior Aviel,06-08-2018,14:00:15:527560,8,7,16.0,15.0,50.0,16,39,0,18,10,17,3,11
Lior Aviel,06-08-2018,14:00:15:636943,8,7,16.0,15.0,50.0,16,30,0,18,13,22,4,10
Lior Aviel,06-08-2018,14:00:15:762734,8,7,16.0,15.0,50.0,16,34,0,19,12,20,4,9
Lior Aviel,06-08-2018,14:00:15:888544,8,7,16.0,15.0,50.0,16,60,0,14,3,11,4,5
Lior Aviel,06-08-2018,14:00:16:001651,8,7,16.0,15.0,50.0,16,55,0,14,9,14,3,3
Lior Aviel,06-08-2018,14:00:16:096545,8,7,16.0,15.0,50.0,16,51,0,13,8,12,5,7
Lior Aviel,06-08-2018,14:00:16:236851,8,7,16.0,15.0,